501
0.496292 0.0342418
0.702383 0.15418
0.0236213 0.460829
0.351939 0.552324
0.38432 0.926359
0.674062 0.346049
0.974731 0.484329
0.280068 0.885464
0.692495 0.0985748
0.808283 0.166204
0.318461 0.622425
0.61156 0.891934
0.955351 0.607624
0.954772 0.00683615
0.0540788 0.35023
0.503098 0.355632
0.0595721 0.0784936
0.382794 0.626453
0.206702 0.689901
0.595355 0.233375
0.49794 0.943113
0.0663778 0.294473
0.393933 0.511307
0.11066 0.362011
0.248207 0.803278
0.594409 0.0606708
0.0171819 0.957915
0.575793 0.290414
0.0780663 0.997467
0.169286 0.236549
0.668844 0.82281
0.449446 0.481033
0.619861 0.0979034
0.379772 0.0556658
0.970031 0.31251
0.793817 0.028077
0.176977 0.0162358
0.550615 0.783471
0.840663 0.0303659
0.188482 0.0682089
0.396558 0.29957
0.0549333 0.510147
0.136357 0.315012
0.00900296 0.531663
0.76635 0.304422
0.514084 0.262703
0.836634 0.297617
0.940184 0.714652
0.448347 0.0852382
0.132572 0.199774
0.958831 0.815455
0.460891 0.747063
0.115207 0.148656
0.680868 0.547533
0.975036 0.857753
0.285775 0.00250252
0.804804 0.772423
0.840999 0.614063
0.767693 0.604846
0.00234993 0.591357
0.583392 0.519181
0.90936 0.846797
0.108707 0.406354
0.896878 0.0387585
0.849422 0.893399
0.278665 0.236763
0.524033 0.16715
0.253883 0.853145
0.253914 0.625355
0.933164 0.115818
0.885495 0.507706
0.694754 0.931059
0.454329 0.81457
0.564165 0.462569
0.314554 0.692038
0.907804 0.451827
0.0384533 0.744774
0.359325 0.418378
0.724052 0.285775
0.882717 0.590686
0.664113 0.238899
0.616565 0.957854
0.573473 0.1301
0.903134 0.370556
0.454726 0.318339
0.152165 0.557756
0.410993 0.774895
0.670583 0.970336
0.332011 0.508621
0.896664 0.979827
0.889767 0.0803552
0.251595 0.342357
0.256142 0.45793
0.270943 0.380444
0.807642 0.563799
0.287423 0.994995
0.836451 0.412458
0.988128 0.187292
0.799005 0.872799
0.60036 0.778222
0.863582 0.806909
0.355541 0.107913
0.745201 0.675558
0.621235 0.84875
0.647938 0.279458
0.167394 0.790613
0.291238 0.312998
0.715537 0.514084
0.929289 0.237007
0.196387 0.543077
0.710868 0.437086
0.510483 0.211127
0.814905 0.981689
0.761681 0.437819
0.290139 0.803278
0.846828 0.683615
0.848781 0.0843837
0.0796838 0.860622
0.495468 0.120334
0.537584 0.677419
0.419965 0.215369
0.732078 0.0567339
0.208014 0.629719
0.0224006 0.0637837
0.462447 0.425581
0.634632 0.800989
0.857112 0.169683
0.947386 0.528886
0.700217 0.639363
0.817011 0.252846
0.860103 0.342204
0.328928 0.956297
0.15833 0.984588
0.0614643 0.387951
0.564592 0.583514
0.329051 0.839412
0.0971099 0.0355846
0.330729 0.240181
0.247902 0.154546
0.730491 0.358867
0.57445 0.960295
0.663625 0.014069
0.794153 0.355602
0.908353 0.278909
0.431227 0.863338
0.613941 0.394543
0.0440687 0.131535
0.169744 0.726218
0.33964 0.0460524
0.369213 0.199164
0.15247 0.081637
0.613147 0.659139
0.102542 0.52559
0.00393689 0.804437
0.76223 0.113468
0.698477 0.764916
0.224525 0.383343
0.740196 0.726035
0.0525529 0.659749
0.503708 0.445631
0.433058 0.270852
0.288217 0.563189
0.533219 0.0132756
0.577746 0.844661
0.930387 0.676046
0.959563 0.0563982
0.237617 0.10474
0.476638 0.533128
0.0781579 0.956969
0.468245 0.637562
0.0821253 0.204779
0.573443 0.739647
0.943999 0.169195
0.621754 0.162084
0.505234 0.305704
0.185827 0.847774
0.560167 0.383557
0.33552 0.300546
0.202979 0.590136
0.970611 0.650288
0.0278024 0.0142827
0.497055 0.87167
0.814203 0.469619
0.558763 0.209601
0.533799 0.82522
0.417982 0.34547
0.624714 0.564379
0.213172 0.740928
0.593249 0.00457778
0.0910672 0.677114
0.647847 0.756706
0.133549 0.675314
0.184973 0.295602
0.411542 0.12009
0.986785 0.549577
0.879543 0.402387
0.285257 0.0513321
0.421766 0.682455
0.511185 0.629017
0.594195 0.696585
0.438246 0.00567644
0.609088 0.332347
0.710196 0.99002
0.599719 0.605945
0.745781 0.248665
0.0278024 0.699423
0.275765 0.943419
0.631458 0.199072
0.119907 0.798151
0.989349 0.963805
0.186163 0.348033
0.079928 0.435377
0.705313 0.212043
0.222907 0.27131
0.168859 0.935392
0.996307 0.018952
0.930387 0.491165
0.996216 0.435377
0.352458 0.00436415
0.330454 0.191839
0.533586 0.896237
0.339213 0.456893
0.145848 0.387646
0.508255 0.779687
0.899472 0.930906
0.36375 0.744957
0.467727 0.576434
0.913144 0.759545
0.664663 0.656819
0.14246 0.269143
0.79574 0.524857
0.824519 0.723746
0.268746 0.725913
0.798914 0.215339
0.279244 0.187384
0.452681 0.12653
0.879025 0.250221
0.711966 0.0202643
0.360729 0.782952
0.966338 0.224067
0.0538652 0.174688
0.738426 0.637867
0.961119 0.270821
0.0971099 0.568194
0.938841 0.387005
0.127384 0.855922
0.707663 0.881741
0.380596 0.871364
0.340495 0.338939
0.0810266 0.726035
0.426618 0.169591
0.662618 0.45616
0.207312 0.474807
0.465255 0.194922
0.16419 0.497787
0.0943327 0.631336
0.0422376 0.885159
0.014893 0.165685
0.69866 0.315531
0.660573 0.129063
0.786462 0.929838
0.986328 0.710898
0.889737 0.192419
0.42964 0.640919
0.388958 0.588519
0.0136418 0.285623
0.942564 0.968413
0.768914 0.797754
0.550859 0.543596
0.635975 0.0409558
0.0332347 0.563646
0.665181 0.697928
0.195563 0.194342
0.743217 0.854518
0.414808 0.426893
0.655904 0.90936
0.248634 0.300394
0.182165 0.438978
0.0294809 0.234993
0.926542 0.885189
0.226875 0.990051
0.668996 0.865596
0.00558489 0.352794
0.319315 0.1377
0.193365 0.107822
0.468581 0.233711
0.165868 0.162664
0.547197 0.325694
0.730766 0.811853
0.52092 0.0836512
0.825037 0.834101
0.378033 0.363933
0.137272 0.0282907
0.462508 0.96585
0.85165 0.763543
0.425153 0.913022
0.422895 0.0431227
0.508469 0.720145
0.0471816 0.786767
0.857784 0.443922
0.784265 0.657552
0.739006 0.941282
0.335307 0.902402
0.358013 0.157476
0.0242927 0.420423
0.394848 0.828181
0.121921 0.946959
0.987426 0.117893
0.775781 0.0634175
0.972716 0.924314
0.11948 0.718009
0.841884 0.936674
0.895688 0.704825
0.463088 0.685934
0.914335 0.547685
0.573443 0.640584
0.412519 0.547563
0.356822 0.693075
0.839259 0.125614
0.154363 0.894864
0.430433 0.597064
0.00277718 0.121891
0.666646 0.582934
0.376782 0.264504
0.612812 0.471633
0.109073 0.485244
0.95352 0.569109
0.24424 0.587359
0.90405 0.632496
0.312601 0.751823
0.0512711 0.835292
0.091464 0.103793
0.787317 0.699728
0.553819 0.253304
0.311441 0.421705
0.251473 0.765252
0.218513 0.00405896
0.146184 0.603229
0.131352 0.440992
0.933409 0.333934
0.867397 0.846736
0.0807825 0.766259
0.809137 0.083285
0.994629 0.388562
0.238716 0.191504
0.186651 0.394024
0.845973 0.507981
0.26371 0.672323
0.394879 0.982635
0.762932 0.186224
0.223212 0.891934
0.751366 0.391003
0.224067 0.939116
0.990875 0.787683
0.489273 0.494095
0.856136 0.99939
0.274483 0.50679
0.672811 0.390728
0.99826 0.282052
0.891507 0.126835
0.615864 0.996429
0.853023 0.562212
0.241768 0.543809
0.958617 0.760643
0.683828 0.0602435
0.543016 0.933226
0.24659 0.0398572
0.00637837 0.649312
0.893338 0.321665
0.323435 0.08417
0.774743 0.967742
0.00463881 0.876217
0.095645 0.909268
0.149174 0.127201
0.0427259 0.621998
0.749229 0.477004
0.75631 0.906552
0.541581 0.430647
0.572893 0.898373
0.722159 0.554125
0.51558 0.527085
0.584826 0.428114
0.539079 0.495102
0.0697653 0.249489
0.119816 0.985656
0.487777 0.394726
0.532945 0.980712
0.379925 0.45204
0.652944 0.499771
0.465011 0.363262
0.283151 0.103214
0.79809 0.418226
0.214362 0.319712
0.706717 0.694815
0.637043 0.427778
0.0460829 0.928892
0.53386 0.12598
0.320627 0.377056
0.104984 0.280374
0.40788 0.723441
0.0895413 0.330119
0.00793481 0.917631
0.708487 0.593646
0.546648 0.0532548
0.948302 0.443007
0.490921 0.828608
0.491531 0.993469
0.640553 0.61269
0.164617 0.64803
0.767327 0.553667
0.437147 0.393292
0.224494 0.427717
0.344035 0.992187
0.844539 0.224097
0 0.760643
0.517594 0.581927
0.301767 0.465316
0.563555 0.16718
0.702872 0.250954
0.996887 0.82577
0.624744 0.71923
0.235389 0.506302
0.471725 0.276559
0.424909 0.956359
0.210578 0.779595
0.348613 0.591723
0.294259 0.272042
0.390667 0.0169073
0.229408 0.229835
0.924039 0.79873
0.965819 0.358959
0.533708 0.748894
0.120609 0.759239
0.267037 0.420545
0.993194 0.613147
0.993835 0.0793481
0.206488 0.155644
0.8034 0.623615
0.661122 0.174505
0.463424 0.902188
0.0249031 0.995178
0.695608 0.477157
0.431318 0.999786
0.799646 0.120823
0.558245 0.0912198
0.62212 0.524186
0.77691 0.742363
0.0884426 0.819697
0.887967 0.884762
0.118748 0.23899
0.350261 0.655599
0.757836 0.00735496
0.802728 0.315836
0.285989 0.601245
0.740898 0.768609
0.835566 0.372784
0.773797 0.149724
0.000457778 0.202551
0.410047 0.0818812
0.99762 0.891995
0.779443 0.267586
0.196661 0.966124
0.497757 0.670003
0.574389 0.998901
0.898221 0.000762963
0.0675069 0.474197
0.637623 0.361248
0.879604 0.66274
0.704337 0.842921
0.439161 0.518326
0.779931 0.83755
0.484756 0.0716575
0.363689 0.487228
0.647694 0.318216
0.0693686 0.594592
0.0761132 0.00125126
0.411878 0.473556
0.713218 0.397412
0.758019 0.515946
0.999695 0.51323
0.215155 0.822687
0.610431 0.26841
0.112583 0.0705588
0.0571612 0.0389111
0.749596 0.998962
0.966735 0.999359
0.724967 0.121921
0.996521 0.749565
0.478561 0.157781
0.152745 0.826258
0.2978 0.654622
0.999084 0.243629
0.000305185 0.490982
0.592914 0.192633
0.386761 0.667531
0.998535 0.339
0.920927 0.590838
0.862819 0.726615
0.0294198 0.3202
0.29194 0.848994
0.476333 0.00158696
