504
0.517502 0.901547
0.823847 0.571612
0.070864 0.985565
0.583636 0.524308
0.713675 0.962432
0.712638 0.632374
0.882839 0.0394604
0.534532 0.587268
0.0159917 0.867061
0.708396 0.0823084
0.52205 0.252297
0.211585 0.48854
0.878262 0.492416
0.465529 0.102786
0.00994903 0.749626
0.614704 0.25895
0.632649 0.0174566
0.569567 0.621113
0.360057 0.911313
0.107089 0.00970489
0.215918 0.202277
0.153386 0.25605
0.636769 0.514084
0.0673849 0.620716
0.513657 0.0975982
0.293313 0.155919
0.498184 0.984039
0.382672 0.836512
0.370769 0.0450148
0.797967 0.891446
0.0167547 0.53618
0.453322 0.290994
0.465163 0.0173345
0.480941 0.245766
0.0699789 0.0492264
0.642994 0.933256
0.911435 0.538926
0.143773 0.847224
0.742943 0.857509
0.149083 0.746818
0.900815 0.00317392
0.285806 0.320475
0.113376 0.910489
0.891537 0.631855
0.0368358 0.678701
0.817866 0.6198
0.814936 0.148839
0.72277 0.773553
0.116031 0.227149
0.916532 0.351695
0.464431 0.878628
0.85699 0.325053
0.0135807 0.262734
0.29136 0.216773
0.888455 0.583941
0.703421 0.214881
0.107364 0.539415
0.244331 0.637745
0.89935 0.390088
0.788079 0.3932
0.451491 0.34254
0.91055 0.666158
0.971313 0.987823
0.219367 0.327586
0.169378 0.420057
0.591784 0.0588397
0.950865 0.175909
0.955138 0.281106
0.731742 0.335887
0.43025 0.601947
0.696554 0.161382
0.288034 0.543199
0.347331 0.740471
0.969787 0.584124
0.13358 0.143101
0.134465 0.619556
0.729698 0.374645
0.999359 0.488815
0.302377 0.398083
0.854732 0.694479
0.875973 0.966826
0.533158 0.746666
0.308451 0.90466
0.39967 0.94995
0.632374 0.816156
0.846339 0.417127
0.772851 0.231269
0.589251 0.88522
0.678335 0.384564
0.123844 0.487655
0.463851 0.552782
0.196112 0.0860317
0.805628 0.431471
0.822962 0.947874
0.669027 0.467299
0.295572 0.666097
0.194952 0.581042
0.322489 0.445479
0.395367 0.00668355
0.03708 0.110172
0.62624 0.687948
0.725333 0.289041
0.976226 0.647114
0.84698 0.847591
0.831904 0.0604877
0.866726 0.925687
0.361492 0.652882
0.171056 0.372631
0.200049 0.819422
0.962798 0.109806
0.176763 0.135594
0.934202 0.457991
0.638386 0.879666
0.636372 0.742271
0.812311 0.766564
0.455214 0.386731
0.502701 0.043672
0.272378 0.702902
0.201239 0.709555
0.96176 0.0529191
0.252907 0.407605
0.421674 0.671194
0.369121 0.470504
0.527329 0.545732
0.315622 0.487259
0.158696 0.194189
0.745994 0.931333
0.698263 0.728874
0.241951 0.590533
0.273232 0.363689
0.20539 0.254707
0.452956 0.827692
0.542405 0.841853
0.231178 0.844264
0.0410169 0.44261
0.423261 0.432447
0.529588 0.429884
0.956114 0.789422
0.447554 0.93939
0.407849 0.181951
0.787378 0.289102
0.0266427 0.995392
0.315958 0.861049
0.0786767 0.329356
0.144902 0.979369
0.181005 0.31608
0.387799 0.560839
0.107212 0.76104
0.506485 0.471633
0.365551 0.279794
0.851466 0.212348
0.110843 0.183142
0.674764 0.288858
0.0368664 0.950957
0.599078 0.220954
0.074221 0.169256
0.0516678 0.260689
0.335734 0.372967
0.658467 0.238655
0.802942 0.851375
0.9129 0.186712
0.976073 0.825953
0.971801 0.900388
0.268807 0.760033
0.0760216 0.486099
0.645131 0.316507
0.31962 0.709616
0.23835 0.143712
0.157506 0.566698
0.779351 0.337077
0.637196 0.421979
0.697287 0.427107
0.531571 0.340342
0.626026 0.124668
0.586505 0.752831
0.903714 0.277413
0.904508 0.22895
0.00695822 0.0686972
0.150365 0.0753502
0.946257 0.68865
0.711631 0.581286
0.0274972 0.157109
0.0566424 0.805017
0.783166 0.987121
0.551836 0.475478
0.728355 0.00729392
0.265664 0.986236
0.607654 0.642903
0.198218 0.75164
0.0302438 0.482559
0.563555 0.20484
0.488083 0.161138
0.641438 0.998352
0.215064 0.920133
0.903104 0.809107
0.178442 0.508133
0.397748 0.233741
0.592303 0.807398
0.60155 0.163701
0.227515 0.983215
0.508103 0.70806
0.713645 0.890622
0.400678 0.349437
0.67214 0.900601
0.864986 0.746117
0.994049 0.349895
0.794122 0.0408948
0.623066 0.584979
0.672689 0.6292
0.775811 0.0843532
0.477432 0.778954
0.91229 0.066744
0.318613 0.998657
0.407208 0.0693381
0.792566 0.524796
0.589679 0.418195
0.314524 0.256722
0.706076 0.521836
0.657918 0.189642
0.362835 0.509476
0.0559404 0.573901
0.502884 0.819544
0.415723 0.801233
0.792474 0.649068
0.245399 0.103244
0.104892 0.950621
0.950987 0.243141
0.879055 0.158025
0.975463 0.520585
0.511673 0.302866
0.13242 0.343608
0.758202 0.149083
0.998596 0.448622
0.597644 0.990478
0.409925 0.732078
0.995697 0.783563
0.0269173 0.0182196
0.223365 0.675314
0.865017 0.2725
0.284524 0.618519
0.265969 0.799799
0.251747 0.258766
0.00222785 0.630757
0.799463 0.692373
0.559984 0.981506
0.448286 0.980956
0.931211 0.897336
0.00241096 0.372967
0.37495 0.789514
0.684896 0.666005
0.670034 0.109989
0.674825 0.845058
0.946013 0.859584
0.12363 0.437635
0.764183 0.621967
0.32371 0.810663
0.288949 0.0712607
0.990478 0.0135807
0.334849 0.607044
0.672384 0.792474
0.132603 0.383312
0.375713 0.988739
0.260506 0.478378
0.236213 0.548814
0.171026 0.951323
0.543138 0.792474
0.00344859 0.207862
0.51265 0.625172
0.151097 0.0339366
0.574175 0.137089
0.851863 0.460463
0.0265816 0.337565
0.77575 0.559465
0.474258 0.492874
0.249977 0.937681
0.479507 0.605762
0.710257 0.817377
0.749962 0.0460829
0.910733 0.115207
0.551012 0.688955
0.738578 0.694693
0.360729 0.103854
0.406964 0.89349
0.829096 0.726951
0.927488 0.724265
0.830592 0.49501
0.0470595 0.388287
0.373486 0.413038
0.272103 0.862911
0.240272 0.010712
0.475936 0.671957
0.302194 0.0103458
0.351146 0.152715
0.0114139 0.918394
0.0717185 0.86285
0.976714 0.20658
0.677267 0.00106815
0.0434278 0.193213
0.993774 0.262368
0.105411 0.0983917
0.405988 0.142582
0.973205 0.397992
0.749596 0.531297
0.559862 0.0342112
0.0764489 0.709067
0.594684 0.301462
0.730094 0.490249
0.213172 0.432081
0.995087 0.700858
0.835444 0.363384
0.592792 0.0999786
0.738243 0.995514
0.328562 0.319163
0.534013 0.00491348
0.644429 0.362774
0.113742 0.66509
0.00704978 0.797937
0.100772 0.405438
0.662496 0.0624409
0.854854 0.647816
0.77105 0.765679
0.128147 0.703543
0.097354 0.800439
0.894009 0.855464
0.000671407 0.438581
0.611896 0.342296
0.755577 0.820948
0.831599 0.803278
0.998962 0.169073
0.689138 0.99295
0.199316 0.023072
0.484481 0.738121
0.416028 0.278878
0.313303 0.115055
0.987793 0.862209
0.357555 0.00192267
0.5786 0.367748
0.811396 0.19422
0.832453 0.996857
0.501419 0.396344
0.911039 0.984649
0.717185 0.126438
0.162664 0.669332
0.979492 0.946165
0.588519 0.939726
0.0834681 0.286264
0.861171 0.101962
0.443281 0.199499
0.769189 0.478042
0.563585 0.276528
0.405316 0.491256
0.354778 0.211951
0.181524 0.624928
0.481368 0.921506
0.600665 0.480483
0.115207 0.583819
0.536088 0.944884
0.518509 0.666555
0.328562 0.950346
0.0720237 0.909207
0.669912 0.574541
0.0744041 0.222938
0.119327 0.301798
0.75399 0.193579
0.542131 0.0691855
0.577349 0.576342
0.469436 0.450514
0.419782 0.534013
0.948515 0.318705
0.787683 0.931303
0.902097 0.436048
0.751274 0.408795
0.0400403 0.726341
0.787744 0.00338755
0.32664 0.0458388
0.422376 0.854091
0.242256 0.0620136
0.844417 0.888058
0.0594195 0.526536
0.136052 0.797296
0.449049 0.644673
0.902463 0.769494
0.824152 0.252083
0.449355 0.720725
0.406903 0.390118
0.524918 0.207251
0.468947 0.0612201
0.184149 0.998535
0.24546 0.892911
0.536027 0.157933
0.00607318 0.303995
0.969176 0.741508
0.309549 0.771874
0.219611 0.382488
0.333659 0.563158
0.436537 0.767815
0.837123 0.0226142
0.188849 0.890225
0.00759911 0.573534
0.734886 0.239662
0.0832545 0.130558
0.947417 0.00341807
0.115024 0.0574358
0.505661 0.858974
0.681051 0.332804
0.378033 0.704917
0.232521 0.774133
0.00323496 0.704917
0.284524 0.447768
0.369823 0.323557
0.489578 0.338847
0.380444 0.608417
0.818903 0.319285
0.25779 0.178716
0.591357 0.0100711
0.996643 0.0697348
0.912626 0.934141
0.867794 0.546495
0.922544 0.609027
0.142552 0.886074
0.299051 0.58211
0.426069 0.0331431
0.365337 0.872585
0.259346 0.5168
0.0657674 0.00314341
0.181555 0.456282
0.930692 0.501022
0.93701 0.418592
0.61391 0.388379
0.682455 0.937895
0.48381 0.199591
0.783227 0.729148
0.607288 0.847316
0.175756 0.786187
0.442763 0.247475
0.698447 0.0391552
0.144597 0.527573
0.249611 0.30015
0.99762 0.125156
0.286874 0.950652
0.0656758 0.766442
0.23487 0.73455
0.556017 0.907346
0.851924 0.601398
0.669088 0.702567
0.0870998 0.449171
0.821009 0.107608
0.790826 0.79931
0.594226 0.712394
0.700064 0.259194
0.443068 0.158147
0.86816 0.788476
0.422681 0.105045
0.107089 0.997894
0.0969268 0.366894
0.732383 0.448653
0.998016 0.554979
0.414075 0.999847
0.745109 0.73394
0.997559 0.309275
0.104892 0.841334
0.617969 0.776299
0.744652 0.655843
0.653188 0.151738
0.897794 0.316446
0.889492 0.715781
0.554796 0.401318
0.195898 0.5421
0.000366222 0.127171
0.283486 0.281533
0.953856 0.362651
0.998016 0.613392
0.843776 0.174261
0.890561 0.893338
0.626209 0.0788903
0.323099 0.526017
0.190283 0.17127
0.0746788 0.669546
0.942595 0.958983
0.181097 0.225257
0.50737 0.511887
0.316782 0.187811
0.875027 0.360607
0.00021363 0.966002
0.0476089 0.299692
0.438612 0.472823
0.830378 0.533647
0.950468 0.549944
0.271706 0.0339671
0.759636 0.895779
0.0303354 0.60445
0.252571 0.217353
0.614643 0.546556
0.289926 0.82934
0.669668 0.535417
0.497665 0.570757
0.423414 0.316813
0.0282296 0.830836
0.568377 0.33079
0.408063 0.634724
0.168828 0.00021363
0.550707 0.106357
0.785821 0.122044
0.0678426 0.087405
