504
0.523576 0.910489
0.0792871 0.367199
0.272195 0.295419
0.377667 0.074984
0.451186 0.517319
0.4373 0.714377
0.0959197 0.84167
0.846858 0.863399
0.939634 0.166936
0.116398 0.87521
0.772851 0.0711692
0.162786 0.546709
0.0627155 0.079104
0.132908 0.773492
0.613392 0.806421
0.596454 0.0972015
0.548326 0.136937
0.638478 0.551988
0.884243 0.715781
0.56325 0.531175
0.98648 0.373058
0.606952 0.695181
0.12363 0.529832
0.423536 0.344493
0.458663 0.935759
0.19364 0.40846
0.129978 0.372845
0.405896 0.57033
0.14127 0.17069
0.550554 0.422102
0.0274056 0.29136
0.540757 0.326609
0.893887 0.336894
0.314951 0.734367
0.09064 0.652455
0.302133 0.181341
0.734184 0.138493
0.334391 0.228523
0.475234 0.324137
0.380963 0.788141
0.169317 0.711173
0.0482803 0.592029
0.9223 0.535264
0.957213 0.634724
0.253151 0.539933
0.467727 0.177007
0.00631733 0.21247
0.192145 0.163182
0.906125 0.0506912
0.9729 0.210211
0.771355 0.91464
0.566698 0.178655
0.696249 0.408795
0.998291 0.979461
0.493606 0.958586
0.900388 0.488266
0.71453 0.876003
0.940672 0.390027
0.740257 0.209235
0.727653 0.0311899
0.426527 0.472427
0.689383 0.323801
0.490158 0.114566
0.223731 0.458388
0.0401929 0.0209662
0.649342 0.303812
0.467269 0.859584
0.745201 0.269234
0.548265 0.475631
0.182257 0.449934
0.18543 0.838466
0.257851 0.834468
0.189489 0.601794
0.92526 0.880276
0.196295 0.284555
0.671743 0.770684
0.543626 0.962371
0.330821 0.12656
0.663015 0.483413
0.631031 0.167699
0.700766 0.927702
0.896115 0.795434
0.765465 0.769677
0.27543 0.872494
0.229987 0.736442
0.954466 0.724479
0.145665 0.332743
0.875088 0.105197
0.158696 0.90466
0.03296 0.793237
0.12067 0.104221
0.911863 0.843013
0.328745 0.461013
0.513871 0.851619
0.861507 0.654653
0.228248 0.8099
0.172704 0.215705
0.399274 0.711417
0.989257 0.908963
0.484451 0.795465
0.284677 0.680654
0.0107425 0.639637
0.675832 0.00756859
0.251381 0.0853603
0.742882 0.473647
0.38844 0.396191
0.830042 0.771416
0.767937 0.649953
0.0822169 0.0424818
0.813349 0.0632038
0.38255 0.50734
0.0925321 0.940153
0.323557 0.776757
0.440565 0.115146
0.119846 0.717124
0.500839 0.694266
0.167211 0.0275582
0.791803 0.413923
0.278512 0.117832
0.724296 0.580126
0.34199 0.503189
0.089938 0.313822
0.0209052 0.472549
0.323191 0.309427
0.231178 0.162236
0.364818 0.8923
0.814478 0.527879
0.247475 0.386059
0.56328 0.625111
0.0414747 0.339793
0.119297 0.0562151
0.237648 0.921354
0.40846 0.955535
0.20777 0.508103
0.215522 0.639607
0.485244 0.654805
0.0270089 0.73516
0.722495 0.719626
0.341014 0.379742
0.84991 0.415357
0.888363 0.756981
0.856685 0.225318
0.0221564 0.0993683
0.0237434 0.42375
0.789148 0.876675
0.976287 0.0375683
0.823359 0.375652
0.994629 0.747124
0.0393384 0.901273
0.408765 0.615619
0.210089 0.0219733
0.237922 0.983123
0.129368 0.667653
0.777734 0.966491
0.375042 0.331767
0.154424 0.492904
0.772271 0.371838
0.551805 0.0385144
0.0595416 0.211737
0.29313 0.578539
0.285714 0.035432
0.0677206 0.518571
0.616596 0.97116
0.324412 0.011536
0.291116 0.907956
0.72277 0.765923
0.753502 0.00183111
0.801996 0.306406
0.517502 0.216437
0.369518 0.980346
0.666128 0.678671
0.0289926 0.171606
0.124668 0.293466
0.693594 0.267586
0.241585 0.674429
0.971221 0.308329
0.589434 0.22953
9.15555e-005 0.687368
0.55916 0.0805383
0.113956 0.484542
0.452193 0.431104
0.410474 0.256722
0.0754723 0.743645
0.431532 0.800073
0.6068 0.489975
0.956786 0.57622
0.0524308 0.938017
0.235694 0.252815
0.129795 0.441755
0.993255 0.428968
0.69454 0.149724
0.617969 0.443648
0.579638 0.919889
0.832667 0.602344
0.287973 0.46324
0.709983 0.531205
0.0485855 0.851527
0.349986 0.547624
0.69509 0.462081
0.0724509 0.428846
0.926542 0.92584
0.372356 0.435377
0.373424 0.633869
0.919645 0.258858
0.659047 0.0913419
0.74102 0.617939
0.723258 0.81286
0.993652 0.601886
0.117283 0.618061
0.601642 0.530656
0.616413 0.383404
0.864254 0.0268868
0.370647 0.134129
0.684591 0.202002
0.333079 0.863979
0.0765709 0.790124
0.794336 0.251015
0.261422 0.223121
0.456343 0.610126
0.297617 0.946837
0.795587 0.683279
0.624042 0.867641
0.324778 0.602039
0.686972 0.593738
0.741691 0.679525
0.730735 0.0820643
0.649464 0.906369
0.185705 0.120853
0.725761 0.990173
0.93408 0.101779
0.258766 0.770989
0.609882 0.0281381
0.379437 0.280374
0.297739 0.258003
0.0162664 0.538957
0.814692 0.477157
0.849788 0.168523
0.569018 0.707144
0.984466 0.146947
0.65804 0.250832
0.859249 0.527543
0.132908 0.24601
0.21247 0.349925
0.411451 0.912198
0.533189 0.263009
0.907895 0.131748
0.425672 0.0159612
0.17835 0.0723289
0.978973 0.800989
0.158208 0.99237
0.404889 0.868618
0.490555 0.00106815
0.0699789 0.126377
0.960936 0.850002
0.798242 0.574419
0.0407117 0.981292
0.0120853 0.372784
0.83047 0.933561
0.611499 0.742088
0.823054 0.716269
0.157506 0.623554
0.26722 0.720725
0.365978 0.824702
0.764794 0.509201
0.4344 0.388867
0.181494 0.948302
0.990722 0.68157
0.292611 0.807947
0.927519 0.989471
0.495407 0.583392
0.502365 0.507096
0.643086 0.0522172
0.974609 0.255684
0.664846 0.989685
0.88873 0.196661
0.328135 0.650533
0.960875 0.969573
0.541154 0.808344
0.947813 0.434462
0.310312 0.528977
0.801355 0.212226
0.988311 0.482406
0.105655 0.987518
0.491043 0.0553301
0.884945 0.585253
0.420179 0.656575
0.748619 0.430006
0.292703 0.63509
0.257546 0.345378
0.62093 0.932493
0.531419 0.375439
0.642872 0.624195
0.673452 0.359081
0.0749229 0.247353
0.251259 0.500351
0.555589 0.881832
0.488235 0.444777
0.569658 0.766198
0.0849025 0.172308
0.835047 0.339335
0.0478835 0.661611
0.890835 0.62627
0.136265 0.831355
0.877834 0.387188
0.102084 0.579821
0.922178 0.00106815
0.743522 0.850063
0.283822 0.410871
0.866573 0.459334
0.594562 0.297891
0.296823 0.990478
0.938353 0.813379
0.460067 0.568316
0.789575 0.617512
0.379101 0.032197
0.551836 0.573443
0.939238 0.484024
0.932463 0.67098
0.86816 0.276559
0.442915 0.226295
0.901395 0.955016
0.464827 0.284616
0.29194 0.0750755
0.725303 0.361187
0.608997 0.584521
0.486709 0.366955
0.989074 0.101047
0.401746 0.751396
0.0113834 0.0567644
0.212012 0.870693
0.134678 0.000854518
0.961089 0.525803
0.539171 0.731162
0.682028 0.633106
0.773614 0.729759
0.820338 0.007416
0.0558794 0.704825
0.392438 0.185797
0.331431 0.918516
0.628986 0.120548
0.781182 0.456801
0.519364 0.550554
0.408002 0.307993
0.655171 0.836116
0.645528 0.203345
0.798486 0.145848
0.693747 0.0589312
0.832972 0.102115
0.877651 0.892727
0.864376 0.990234
0.2013 0.684866
0.469466 0.479415
0.582873 0.658925
0.51915 0.0841395
0.339763 0.0589007
0.425245 0.155339
0.347911 0.691153
0.826136 0.823695
0.784356 0.831416
0.449355 0.0581378
0.209845 0.564898
0.440657 0.980224
0.763451 0.557176
0.519639 0.773583
0.542528 0.000366222
0.219092 0.212012
0.589373 0.137181
0.927549 0.607685
0.511521 0.298349
0.360851 0.729118
0.650349 0.718436
0.864284 0.825709
0.909055 0.432203
0.201453 0.773431
0.29313 0.360668
0.621937 0.345408
0.749687 0.323222
0.509629 0.151341
0.256508 0.59093
0.235664 0.121128
0.949217 0.775201
0.11713 0.20304
0.168554 0.797662
0.928922 0.205237
0.34666 0.165563
0.999969 0.521226
0.579608 0.350902
0.657643 0.440229
0.0123295 0.834315
0.488021 0.740654
0.760399 0.16718
0.616443 0.259346
0.575457 0.824732
0.999847 0.857662
0.816156 0.995758
0.697836 0.110416
0.893704 0.676046
0.501907 0.407636
0.0227973 0.251656
0.335917 0.270974
0.513535 0.62859
0.168676 0.661733
0.531449 0.662954
0.496994 0.996826
0.575579 0.988922
0.443098 0.890194
0.927641 0.317362
0.332591 0.421949
0.146733 0.586474
0.737571 0.952391
0.574175 0.265816
0.129612 0.953673
0.943541 0.0647908
0.216071 0.0639973
0.00613422 0.59624
0.00241096 0.99057
0.196234 0.993652
0.00448622 0.00534074
0.00189215 0.924497
0.837886 0.560045
0.580004 0.450545
0.484451 0.904996
0.666524 0.949248
0.362224 0.942289
0.000518815 0.884701
0.0604572 0.465407
0.77105 0.1124
0.401349 0.107639
0.243019 0.000335704
0.855373 0.0652181
0.25367 0.632801
0.491104 0.251686
0.448744 0.760369
0.176244 0.371136
0.998962 0.643727
0.360271 0.585131
0.0838343 0.89526
0.602985 0.623859
0.383129 0.676595
0.999573 0.334269
0.000518815 0.767205
0.230018 0.305429
0.830226 0.272195
0.268746 0.156407
0.824793 0.895535
0.001648 0.335093
0.380047 0.230873
0.658345 0.398663
0.412549 0.425703
0.786431 0.0303354
0.331797 0.974487
0.670827 0.523942
0.703482 0.66512
0.25248 0.43263
0.169256 0.257454
0.575762 0.392743
0.0734275 0.00106815
0.819666 0.644551
0.10596 0.402387
0.945738 0.352092
0.621998 0.658681
0.999664 0.00177007
0.19718 0.90698
0.168798 0.752678
0.0513627 0.394879
0.693319 0.83758
0.00616474 0.137761
0.113376 0.144475
0.431349 0.839351
0.79751 0.793298
0.453047 0.676138
0.636677 0.0011597
0.152562 0.407971
0.41493 0.530931
0.671407 0.871151
0.868954 0.930509
0.709922 0.232185
0.18543 0.32139
0.995087 0.559282
0.120975 0.913968
0.0654012 0.28428
0.0690939 0.559313
0.327952 0.825373
0.406995 0.998932
0.686056 0.734306
0.154729 0.866024
0.718833 0.298898
0.602741 0.193518
0.580889 0.00186163
0.247261 0.0397351
0.852809 0.740257
1 0.182806
0.960875 0.000640889
0.410779 0.0561541
0.0789514 0.615833
0.479232 0.213813
0.852504 0.691733
0.365642 0.472976
0.535173 0.999817
0.149571 0.132786
0.722983 0.175268
6.1037e-005 0.504471
0.0914335 0.690634
0.633168 0.773797
