506
0.261849 0.171758
0.795862 0.92996
0.827174 0.729026
0.512101 0.174749
0.216895 0.302408
0.00323496 0.749046
0.306162 0.733116
0.211615 0.835536
0.273141 0.0687582
0.746544 0.849086
0.645283 0.911466
0.749748 0.0210883
0.258034 0.66509
0.77749 0.878689
0.442885 0.0976287
0.739128 0.553728
0.724418 0.374096
0.423444 0.328562
0.808863 0.216132
0.644581 0.324046
0.144719 0.345073
0.537706 0.736473
0.837001 0.864406
0.0369884 0.529588
0.196051 0.737968
0.0659505 0.987976
0.70275 0.0198981
0.472274 0.037843
0.670431 0.993225
0.237739 0.742058
0.385937 0.872188
0.995178 0.87466
0.00985748 0.226142
0.382824 0.982208
0.268288 0.837458
0.466567 0.746605
0.372539 0.691916
0.85638 0.352275
0.325846 0.233558
0.888089 0.70333
0.686331 0.65566
0.87875 0.657643
0.952818 0.743492
0.127384 0.853664
0.103 0.384564
0.688498 0.409223
0.0782189 0.457961
0.0172735 0.167241
0.963652 0.145634
0.335063 0.299173
0.381054 0.245491
0.814814 0.987732
0.478347 0.827418
0.269967 0.115177
0.634419 0.691031
0.841945 0.436171
0.984649 0.429273
0.125034 0.953978
0.633747 0.963347
0.31727 0.162267
0.0590533 0.320963
0.435804 0.617634
0.30903 0.576373
0.0927763 0.0585345
0.396619 0.363567
0.135502 0.660695
0.946623 0.945219
0.00412 0.684225
0.510422 0.621387
0.452834 0.16599
0.929563 0.277108
0.625172 0.593982
0.593371 0.543107
0.353587 0.93289
0.693533 0.823786
0.973357 0.0730308
0.120396 0.463973
0.901578 0.90817
0.25779 0.617634
0.354045 0.363781
0.32017 0.0100711
0.334758 0.870174
0.88876 0.534288
0.840052 0.504685
0.0252693 0.264992
0.191473 0.92288
0.267891 0.342662
0.585162 0.0486465
0.811243 0.385998
0.608905 0.994659
0.486038 0.1301
0.151158 0.803705
0.98291 0.992767
0.762474 0.595965
0.545976 0.209021
0.586413 0.137333
0.971435 0.905637
0.623859 0.505692
0.4532 0.223731
0.966247 0.632679
0.0224616 0.479751
0.696982 0.0871914
0.51204 0.0187689
0.946898 0.101413
0.655232 0.744407
0.808741 0.0390027
0.757317 0.680105
0.16245 0.122806
0.0161748 0.951811
0.981017 0.835963
0.591174 0.42143
0.974395 0.689779
0.726279 0.273598
0.168065 0.29075
0.671041 0.352245
0.0673849 0.564898
0.885403 0.759941
0.303476 0.645314
0.780084 0.162114
0.355663 0.159917
0.881008 0.950438
0.172887 0.203925
0.457259 0.510819
0.850368 0.00842311
0.472365 0.361309
0.0665914 0.691458
0.922819 0.656819
0.973327 0.523881
0.587207 0.6274
0.552202 0.648305
0.0654317 0.768975
0.0447401 0.868221
0.515336 0.512223
0.0587176 0.134465
0.415937 0.8399
0.662252 0.161199
0.821009 0.108646
0.209601 0.583209
0.0964385 0.649037
0.210334 0.981597
0.498703 0.684011
0.0430006 0.0606098
0.00927763 0.645131
0.123325 0.0211798
0.360851 0.650075
0.472518 0.995666
0.00161748 0.0757775
0.871456 0.997833
0.263192 0.960936
0.60445 0.308939
0.463485 0.898068
0.606067 0.910337
0.260659 0.51149
0.0795923 0.235267
0.297189 0.204535
0.0698263 0.619831
0.726829 0.517289
0.664907 0.225105
0.355022 0.574236
0.688681 0.564989
0.168249 0.0708029
0.49678 0.398633
0.503952 0.0887783
0.131199 0.614612
0.428083 0.133152
0.563738 0.313089
0.172277 0.575213
0.188818 0.33726
0.999573 0.767968
0.778436 0.070925
0.6545 0.793146
0.653584 0.0452895
0.378613 0.308084
0.427381 0.457167
0.874844 0.0436415
0.844142 0.0653096
0.312082 0.436079
0.88641 0.856258
0.796197 0.8352
0.358928 0.516648
0.366894 0.757012
0.514939 0.875851
0.830775 0.635884
0.194098 0.260933
0.847591 0.169469
0.767327 0.986694
0.724082 0.205542
0.251808 0.271096
0.0170904 0.995636
0.781487 0.329844
0.642628 0.546861
0.358837 0.02472
0.106052 0.910947
0.546556 0.263955
0.00738548 0.849269
0.128239 0.709555
0.675527 0.468276
0.893094 0.419782
0.0800195 0.822443
0.911008 0.234718
0.230964 0.134373
0.58037 0.712638
0.809778 0.56447
0.538224 0.129795
0.415296 0.05356
0.232551 0.0483718
0.601276 0.75341
0.910245 0.167943
0.47026 0.591845
0.947783 0.489425
0.0311289 0.715995
0.698233 0.963927
0.186438 0.437361
0.304666 0.925565
0.680136 0.699515
0.993957 0.60506
0.350963 0.100894
0.942015 0.568987
0.356487 0.794794
0.851711 0.692312
0.0556963 0.0969573
0.855342 0.898251
0.0566424 0.944243
0.0205695 0.591357
0.107913 0.42201
0.91998 0.00793481
0.0973235 0.304453
0.597247 0.183325
0.766015 0.266182
0.701651 0.61623
0.817042 0.346416
0.66567 0.512955
0.622242 0.377544
0.483383 0.258583
0.634846 0.252113
0.163671 0.378491
0.617786 0.838954
0.917112 0.999817
0.749809 0.117161
0.853877 0.802667
0.308817 0.821406
0.186804 0.0269784
0.548784 0.08829
0.733116 0.328318
0.333262 0.967589
0.136021 0.51915
0.568682 0.79046
0.513535 0.971038
0.421613 0.922575
0.236305 0.798486
0.226936 0.443037
0.653493 0.624042
0.469008 0.304575
0.291086 0.272408
0.933317 0.340831
0.87878 0.488815
0.172521 0.676351
0.415906 0.520432
0.405347 0.758141
0.215125 0.878475
0.520371 0.342784
0.450728 0.554094
0.0235603 0.357433
0.476516 0.94586
0.476424 0.652821
0.773705 0.759697
0.700339 0.174902
0.299875 0.511429
0.632496 0.202826
0.588946 0.945311
0.413892 0.650594
0.208289 0.696982
0.397534 0.102908
0.587176 0.00271615
0.642933 0.0864589
0.854823 0.59096
0.168249 0.164647
0.58208 0.868068
0.0112308 0.113254
0.788354 0.00106815
0.899533 0.589404
0.590472 0.345683
0.984954 0.953368
0.947966 0.41551
0.857814 0.266915
0.276223 0.0274361
0.117283 0.748802
0.957793 0.795343
0.116672 0.109958
0.153447 0.913999
0.85934 0.129582
0.522446 0.5833
0.380139 0.466842
0.0822779 0.725883
0.501022 0.225196
0.593707 0.47087
0.417432 0.999207
0.220985 0.543687
0.0609149 0.419294
0.331858 0.674886
0.788049 0.471206
0.800256 0.522416
0.35609 0.432234
0.223121 0.232948
0.761711 0.638478
0.547502 0.405164
0.296854 0.991424
0.995575 0.201514
0.920133 0.463576
0.410474 0.280831
0.997101 0.0333567
0.692434 0.882626
0.499588 0.477554
0.813166 0.769433
0.87228 0.220435
0.990509 0.38258
0.144139 0.991028
0.228034 0.94705
0.433027 0.689962
0.456191 0.416944
0.770806 0.71691
0.255623 0.901944
0.355449 0.207617
0.517014 0.8146
0.764916 0.440962
0.496292 0.776971
0.659474 0.12186
0.559648 0.524918
0.965728 0.252937
0.994201 0.123508
0.731681 0.776482
0.0221259 0.792138
0.405255 0.0143132
0.274972 0.710074
0.308725 0.474288
0.550584 0.0157476
0.936125 0.854274
0.577776 0.584216
0.373302 0.0666829
0.414014 0.564165
0.220405 0.4026
9.15555e-005 0.294137
0.925993 0.0589618
0.714316 0.918332
0.543321 0.903745
0.102084 0.544572
0.994293 0.28431
0.432844 0.382061
0.188238 0.477859
0.82049 0.289285
0.601276 0.0860317
0.452986 0.857356
0.323222 0.772362
0.0788903 0.179876
0.756035 0.396741
0.712394 0.726127
0.687948 0.303507
0.889706 0.317392
0.217963 0.187262
0.726463 0.455947
0.261696 0.458296
0.00875881 0.437239
0.311441 0.336802
0.331156 0.0578021
0.63036 0.459853
0.899625 0.119419
0.00881985 0.90585
0.131352 0.180212
0.401563 0.412091
0.236091 0.0945463
0.753349 0.943419
0.39491 0.174078
0.389813 0.60683
0.800562 0.686392
0.554949 0.825709
0.182775 0.530137
0.333201 0.619495
0.234199 0.00869778
0.227668 0.351665
0.0713523 0.275918
0.970458 0.00317392
0.535478 0.693045
0.17954 0.860073
0.279305 0.771722
0.199561 0.782708
0.551805 0.165471
0.182775 0.63152
0.734916 0.0674459
0.997253 0.322611
0.905667 0.799066
0.0860317 0.870571
0.446333 0.789636
0.651082 0.00656148
0.707114 0.127842
0.0826441 0.510971
0.59444 0.249611
0.262246 0.554979
0.684378 0.770318
0.729392 0.98822
0.765587 0.22129
0.442152 0.00460829
0.5515 0.96527
0.940733 0.199896
0.163976 0.766167
0.299112 0.385205
0.443617 0.963927
0.0719321 0.0256355
0.307352 0.10239
0.926054 0.69805
0.80459 0.428571
0.401196 0.717826
0.060976 0.372814
0.467147 0.457472
0.022309 0.00952177
0.128819 0.0704062
0.846644 0.550493
0.629383 0.416944
0.911222 0.379589
0.0019837 0.396893
0.152623 0.414869
0.126194 0.253517
0.0916471 0.346232
0.551012 0.458846
0.656484 0.870602
0.378277 0.831721
0.595019 0.670583
0.495193 0.549913
0.761315 0.50029
0.610614 0.800012
0.284433 0.873257
0.509995 0.285806
0.346629 0.719535
0.258858 0.420026
0.522721 0.0553606
0.846126 0.965423
0.994354 0.484329
0.996826 0.558916
0.502487 0.722312
0.269662 0.236152
0.046205 0.212165
0.223945 0.498062
0.176031 0.96115
0.737632 0.156499
0.110416 0.798853
0.115177 0.214331
0.128086 0.574755
0.105228 0.994354
0.518601 0.429304
0.801019 0.612995
0.7622 0.809992
0.22599 0.639607
0.405499 0.796136
0.55797 0.366558
0.731193 0.883419
0.0430311 0.661763
0.929289 0.531022
0.960662 0.307474
0.928037 0.617512
0.623066 0.14536
0.443617 0.263161
0.25956 0.999329
0.420454 0.202612
0.19895 0.104434
0.87286 0.388012
0.50676 0.913694
0.103122 0.147496
0.680654 0.264626
0.57094 0.999939
0.33021 0.540971
0.786676 0.124882
0.667409 0.941923
0.994324 0.724754
0.333995 0.401044
0.000793481 0.518357
0.719474 0.685659
0.848354 0.31547
0.270119 0.304239
0.0636006 0.907254
0.812555 0.894925
0.616169 0.0267953
0.872372 0.0904569
0.0421461 0.826106
0.00140385 0.557054
0.260445 0.382122
0.72335 0.648183
0.996582 0.657033
0.548357 0.610584
0.161626 0.240303
0.424757 0.883328
0.389294 0.944487
0.158177 0.00119022
0.467666 0.707541
0.998199 0.162938
0.823817 0.250618
0.833918 0.929075
0.952208 0.377087
0.165868 0.715018
0.915403 0.736534
0.478683 0.193884
0.656545 0.831843
0.630024 0.65331
0.936125 0.892636
0.957915 0.0386364
0.816706 0.147465
0.533982 0.776025
0.1348 0.308176
