504
0.0158333 0.0158333
0.0633333 0.0158333
0.110833 0.0158333
0.158333 0.0158333
0.205833 0.0158333
0.253333 0.0158333
0.300833 0.0158333
0.348333 0.0158333
0.395833 0.0158333
0.443333 0.0158333
0.490833 0.0158333
0.538333 0.0158333
0.585833 0.0158333
0.633333 0.0158333
0.680833 0.0158333
0.728333 0.0158333
0.775833 0.0158333
0.823333 0.0158333
0.870833 0.0158333
0.918333 0.0158333
0.965833 0.0158333
0.0395833 0.0569695
0.0870833 0.0569695
0.134583 0.0569695
0.182083 0.0569695
0.229583 0.0569695
0.277083 0.0569695
0.324583 0.0569695
0.372083 0.0569695
0.419583 0.0569695
0.467083 0.0569695
0.514583 0.0569695
0.562083 0.0569695
0.609583 0.0569695
0.657083 0.0569695
0.704583 0.0569695
0.752083 0.0569695
0.799583 0.0569695
0.847083 0.0569695
0.894583 0.0569695
0.942083 0.0569695
0.989583 0.0569695
0.0158333 0.0981057
0.0633333 0.0981057
0.110833 0.0981057
0.158333 0.0981057
0.205833 0.0981057
0.253333 0.0981057
0.300833 0.0981057
0.348333 0.0981057
0.395833 0.0981057
0.443333 0.0981057
0.490833 0.0981057
0.538333 0.0981057
0.585833 0.0981057
0.633333 0.0981057
0.680833 0.0981057
0.728333 0.0981057
0.775833 0.0981057
0.823333 0.0981057
0.870833 0.0981057
0.918333 0.0981057
0.965833 0.0981057
0.0395833 0.139242
0.0870833 0.139242
0.134583 0.139242
0.182083 0.139242
0.229583 0.139242
0.277083 0.139242
0.324583 0.139242
0.372083 0.139242
0.419583 0.139242
0.467083 0.139242
0.514583 0.139242
0.562083 0.139242
0.609583 0.139242
0.657083 0.139242
0.704583 0.139242
0.752083 0.139242
0.799583 0.139242
0.847083 0.139242
0.894583 0.139242
0.942083 0.139242
0.989583 0.139242
0.0158333 0.180378
0.0633333 0.180378
0.110833 0.180378
0.158333 0.180378
0.205833 0.180378
0.253333 0.180378
0.300833 0.180378
0.348333 0.180378
0.395833 0.180378
0.443333 0.180378
0.490833 0.180378
0.538333 0.180378
0.585833 0.180378
0.633333 0.180378
0.680833 0.180378
0.728333 0.180378
0.775833 0.180378
0.823333 0.180378
0.870833 0.180378
0.918333 0.180378
0.965833 0.180378
0.0395833 0.221514
0.0870833 0.221514
0.134583 0.221514
0.182083 0.221514
0.229583 0.221514
0.277083 0.221514
0.324583 0.221514
0.372083 0.221514
0.419583 0.221514
0.467083 0.221514
0.514583 0.221514
0.562083 0.221514
0.609583 0.221514
0.657083 0.221514
0.704583 0.221514
0.752083 0.221514
0.799583 0.221514
0.847083 0.221514
0.894583 0.221514
0.942083 0.221514
0.989583 0.221514
0.0158333 0.262651
0.0633333 0.262651
0.110833 0.262651
0.158333 0.262651
0.205833 0.262651
0.253333 0.262651
0.300833 0.262651
0.348333 0.262651
0.395833 0.262651
0.443333 0.262651
0.490833 0.262651
0.538333 0.262651
0.585833 0.262651
0.633333 0.262651
0.680833 0.262651
0.728333 0.262651
0.775833 0.262651
0.823333 0.262651
0.870833 0.262651
0.918333 0.262651
0.965833 0.262651
0.0395833 0.303787
0.0870833 0.303787
0.134583 0.303787
0.182083 0.303787
0.229583 0.303787
0.277083 0.303787
0.324583 0.303787
0.372083 0.303787
0.419583 0.303787
0.467083 0.303787
0.514583 0.303787
0.562083 0.303787
0.609583 0.303787
0.657083 0.303787
0.704583 0.303787
0.752083 0.303787
0.799583 0.303787
0.847083 0.303787
0.894583 0.303787
0.942083 0.303787
0.989583 0.303787
0.0158333 0.344923
0.0633333 0.344923
0.110833 0.344923
0.158333 0.344923
0.205833 0.344923
0.253333 0.344923
0.300833 0.344923
0.348333 0.344923
0.395833 0.344923
0.443333 0.344923
0.490833 0.344923
0.538333 0.344923
0.585833 0.344923
0.633333 0.344923
0.680833 0.344923
0.728333 0.344923
0.775833 0.344923
0.823333 0.344923
0.870833 0.344923
0.918333 0.344923
0.965833 0.344923
0.0395833 0.386059
0.0870833 0.386059
0.134583 0.386059
0.182083 0.386059
0.229583 0.386059
0.277083 0.386059
0.324583 0.386059
0.372083 0.386059
0.419583 0.386059
0.467083 0.386059
0.514583 0.386059
0.562083 0.386059
0.609583 0.386059
0.657083 0.386059
0.704583 0.386059
0.752083 0.386059
0.799583 0.386059
0.847083 0.386059
0.894583 0.386059
0.942083 0.386059
0.989583 0.386059
0.0158333 0.427195
0.0633333 0.427195
0.110833 0.427195
0.158333 0.427195
0.205833 0.427195
0.253333 0.427195
0.300833 0.427195
0.348333 0.427195
0.395833 0.427195
0.443333 0.427195
0.490833 0.427195
0.538333 0.427195
0.585833 0.427195
0.633333 0.427195
0.680833 0.427195
0.728333 0.427195
0.775833 0.427195
0.823333 0.427195
0.870833 0.427195
0.918333 0.427195
0.965833 0.427195
0.0395833 0.468332
0.0870833 0.468332
0.134583 0.468332
0.182083 0.468332
0.229583 0.468332
0.277083 0.468332
0.324583 0.468332
0.372083 0.468332
0.419583 0.468332
0.467083 0.468332
0.514583 0.468332
0.562083 0.468332
0.609583 0.468332
0.657083 0.468332
0.704583 0.468332
0.752083 0.468332
0.799583 0.468332
0.847083 0.468332
0.894583 0.468332
0.942083 0.468332
0.989583 0.468332
0.0158333 0.509468
0.0633333 0.509468
0.110833 0.509468
0.158333 0.509468
0.205833 0.509468
0.253333 0.509468
0.300833 0.509468
0.348333 0.509468
0.395833 0.509468
0.443333 0.509468
0.490833 0.509468
0.538333 0.509468
0.585833 0.509468
0.633333 0.509468
0.680833 0.509468
0.728333 0.509468
0.775833 0.509468
0.823333 0.509468
0.870833 0.509468
0.918333 0.509468
0.965833 0.509468
0.0395833 0.550604
0.0870833 0.550604
0.134583 0.550604
0.182083 0.550604
0.229583 0.550604
0.277083 0.550604
0.324583 0.550604
0.372083 0.550604
0.419583 0.550604
0.467083 0.550604
0.514583 0.550604
0.562083 0.550604
0.609583 0.550604
0.657083 0.550604
0.704583 0.550604
0.752083 0.550604
0.799583 0.550604
0.847083 0.550604
0.894583 0.550604
0.942083 0.550604
0.989583 0.550604
0.0158333 0.59174
0.0633333 0.59174
0.110833 0.59174
0.158333 0.59174
0.205833 0.59174
0.253333 0.59174
0.300833 0.59174
0.348333 0.59174
0.395833 0.59174
0.443333 0.59174
0.490833 0.59174
0.538333 0.59174
0.585833 0.59174
0.633333 0.59174
0.680833 0.59174
0.728333 0.59174
0.775833 0.59174
0.823333 0.59174
0.870833 0.59174
0.918333 0.59174
0.965833 0.59174
0.0395833 0.632876
0.0870833 0.632876
0.134583 0.632876
0.182083 0.632876
0.229583 0.632876
0.277083 0.632876
0.324583 0.632876
0.372083 0.632876
0.419583 0.632876
0.467083 0.632876
0.514583 0.632876
0.562083 0.632876
0.609583 0.632876
0.657083 0.632876
0.704583 0.632876
0.752083 0.632876
0.799583 0.632876
0.847083 0.632876
0.894583 0.632876
0.942083 0.632876
0.989583 0.632876
0.0158333 0.674013
0.0633333 0.674013
0.110833 0.674013
0.158333 0.674013
0.205833 0.674013
0.253333 0.674013
0.300833 0.674013
0.348333 0.674013
0.395833 0.674013
0.443333 0.674013
0.490833 0.674013
0.538333 0.674013
0.585833 0.674013
0.633333 0.674013
0.680833 0.674013
0.728333 0.674013
0.775833 0.674013
0.823333 0.674013
0.870833 0.674013
0.918333 0.674013
0.965833 0.674013
0.0395833 0.715149
0.0870833 0.715149
0.134583 0.715149
0.182083 0.715149
0.229583 0.715149
0.277083 0.715149
0.324583 0.715149
0.372083 0.715149
0.419583 0.715149
0.467083 0.715149
0.514583 0.715149
0.562083 0.715149
0.609583 0.715149
0.657083 0.715149
0.704583 0.715149
0.752083 0.715149
0.799583 0.715149
0.847083 0.715149
0.894583 0.715149
0.942083 0.715149
0.989583 0.715149
0.0158333 0.756285
0.0633333 0.756285
0.110833 0.756285
0.158333 0.756285
0.205833 0.756285
0.253333 0.756285
0.300833 0.756285
0.348333 0.756285
0.395833 0.756285
0.443333 0.756285
0.490833 0.756285
0.538333 0.756285
0.585833 0.756285
0.633333 0.756285
0.680833 0.756285
0.728333 0.756285
0.775833 0.756285
0.823333 0.756285
0.870833 0.756285
0.918333 0.756285
0.965833 0.756285
0.0395833 0.797421
0.0870833 0.797421
0.134583 0.797421
0.182083 0.797421
0.229583 0.797421
0.277083 0.797421
0.324583 0.797421
0.372083 0.797421
0.419583 0.797421
0.467083 0.797421
0.514583 0.797421
0.562083 0.797421
0.609583 0.797421
0.657083 0.797421
0.704583 0.797421
0.752083 0.797421
0.799583 0.797421
0.847083 0.797421
0.894583 0.797421
0.942083 0.797421
0.989583 0.797421
0.0158333 0.838557
0.0633333 0.838557
0.110833 0.838557
0.158333 0.838557
0.205833 0.838557
0.253333 0.838557
0.300833 0.838557
0.348333 0.838557
0.395833 0.838557
0.443333 0.838557
0.490833 0.838557
0.538333 0.838557
0.585833 0.838557
0.633333 0.838557
0.680833 0.838557
0.728333 0.838557
0.775833 0.838557
0.823333 0.838557
0.870833 0.838557
0.918333 0.838557
0.965833 0.838557
0.0395833 0.879694
0.0870833 0.879694
0.134583 0.879694
0.182083 0.879694
0.229583 0.879694
0.277083 0.879694
0.324583 0.879694
0.372083 0.879694
0.419583 0.879694
0.467083 0.879694
0.514583 0.879694
0.562083 0.879694
0.609583 0.879694
0.657083 0.879694
0.704583 0.879694
0.752083 0.879694
0.799583 0.879694
0.847083 0.879694
0.894583 0.879694
0.942083 0.879694
0.989583 0.879694
0.0158333 0.92083
0.0633333 0.92083
0.110833 0.92083
0.158333 0.92083
0.205833 0.92083
0.253333 0.92083
0.300833 0.92083
0.348333 0.92083
0.395833 0.92083
0.443333 0.92083
0.490833 0.92083
0.538333 0.92083
0.585833 0.92083
0.633333 0.92083
0.680833 0.92083
0.728333 0.92083
0.775833 0.92083
0.823333 0.92083
0.870833 0.92083
0.918333 0.92083
0.965833 0.92083
0.0395833 0.961966
0.0870833 0.961966
0.134583 0.961966
0.182083 0.961966
0.229583 0.961966
0.277083 0.961966
0.324583 0.961966
0.372083 0.961966
0.419583 0.961966
0.467083 0.961966
0.514583 0.961966
0.562083 0.961966
0.609583 0.961966
0.657083 0.961966
0.704583 0.961966
0.752083 0.961966
0.799583 0.961966
0.847083 0.961966
0.894583 0.961966
0.942083 0.961966
0.989583 0.961966
