504
0.02375 0.02375
0.07125 0.02375
0.11875 0.02375
0.16625 0.02375
0.21375 0.02375
0.26125 0.02375
0.30875 0.02375
0.35625 0.02375
0.40375 0.02375
0.45125 0.02375
0.49875 0.02375
0.54625 0.02375
0.59375 0.02375
0.64125 0.02375
0.68875 0.02375
0.73625 0.02375
0.78375 0.02375
0.83125 0.02375
0.87875 0.02375
0.92625 0.02375
0.97375 0.02375
0.0475 0.0648862
0.095 0.0648862
0.1425 0.0648862
0.19 0.0648862
0.2375 0.0648862
0.285 0.0648862
0.3325 0.0648862
0.38 0.0648862
0.4275 0.0648862
0.475 0.0648862
0.5225 0.0648862
0.57 0.0648862
0.6175 0.0648862
0.665 0.0648862
0.7125 0.0648862
0.76 0.0648862
0.8075 0.0648862
0.855 0.0648862
0.9025 0.0648862
0.95 0.0648862
0.9975 0.0648862
0.02375 0.106022
0.07125 0.106022
0.11875 0.106022
0.16625 0.106022
0.21375 0.106022
0.26125 0.106022
0.30875 0.106022
0.35625 0.106022
0.40375 0.106022
0.45125 0.106022
0.49875 0.106022
0.54625 0.106022
0.59375 0.106022
0.64125 0.106022
0.68875 0.106022
0.73625 0.106022
0.78375 0.106022
0.83125 0.106022
0.87875 0.106022
0.92625 0.106022
0.97375 0.106022
0.0475 0.147159
0.095 0.147159
0.1425 0.147159
0.19 0.147159
0.2375 0.147159
0.285 0.147159
0.3325 0.147159
0.38 0.147159
0.4275 0.147159
0.475 0.147159
0.5225 0.147159
0.57 0.147159
0.6175 0.147159
0.665 0.147159
0.7125 0.147159
0.76 0.147159
0.8075 0.147159
0.855 0.147159
0.9025 0.147159
0.95 0.147159
0.9975 0.147159
0.02375 0.188295
0.07125 0.188295
0.11875 0.188295
0.16625 0.188295
0.21375 0.188295
0.26125 0.188295
0.30875 0.188295
0.35625 0.188295
0.40375 0.188295
0.45125 0.188295
0.49875 0.188295
0.54625 0.188295
0.59375 0.188295
0.64125 0.188295
0.68875 0.188295
0.73625 0.188295
0.78375 0.188295
0.83125 0.188295
0.87875 0.188295
0.92625 0.188295
0.97375 0.188295
0.0475 0.229431
0.095 0.229431
0.1425 0.229431
0.19 0.229431
0.2375 0.229431
0.285 0.229431
0.3325 0.229431
0.38 0.229431
0.4275 0.229431
0.475 0.229431
0.5225 0.229431
0.57 0.229431
0.6175 0.229431
0.665 0.229431
0.7125 0.229431
0.76 0.229431
0.8075 0.229431
0.855 0.229431
0.9025 0.229431
0.95 0.229431
0.9975 0.229431
0.02375 0.270567
0.07125 0.270567
0.11875 0.270567
0.16625 0.270567
0.21375 0.270567
0.26125 0.270567
0.30875 0.270567
0.35625 0.270567
0.40375 0.270567
0.45125 0.270567
0.49875 0.270567
0.54625 0.270567
0.59375 0.270567
0.64125 0.270567
0.68875 0.270567
0.73625 0.270567
0.78375 0.270567
0.83125 0.270567
0.87875 0.270567
0.92625 0.270567
0.97375 0.270567
0.0475 0.311703
0.095 0.311703
0.1425 0.311703
0.19 0.311703
0.2375 0.311703
0.285 0.311703
0.3325 0.311703
0.38 0.311703
0.4275 0.311703
0.475 0.311703
0.5225 0.311703
0.57 0.311703
0.6175 0.311703
0.665 0.311703
0.7125 0.311703
0.76 0.311703
0.8075 0.311703
0.855 0.311703
0.9025 0.311703
0.95 0.311703
0.9975 0.311703
0.02375 0.35284
0.07125 0.35284
0.11875 0.35284
0.16625 0.35284
0.21375 0.35284
0.26125 0.35284
0.30875 0.35284
0.35625 0.35284
0.40375 0.35284
0.45125 0.35284
0.49875 0.35284
0.54625 0.35284
0.59375 0.35284
0.64125 0.35284
0.68875 0.35284
0.73625 0.35284
0.78375 0.35284
0.83125 0.35284
0.87875 0.35284
0.92625 0.35284
0.97375 0.35284
0.0475 0.393976
0.095 0.393976
0.1425 0.393976
0.19 0.393976
0.2375 0.393976
0.285 0.393976
0.3325 0.393976
0.38 0.393976
0.4275 0.393976
0.475 0.393976
0.5225 0.393976
0.57 0.393976
0.6175 0.393976
0.665 0.393976
0.7125 0.393976
0.76 0.393976
0.8075 0.393976
0.855 0.393976
0.9025 0.393976
0.95 0.393976
0.9975 0.393976
0.02375 0.435112
0.07125 0.435112
0.11875 0.435112
0.16625 0.435112
0.21375 0.435112
0.26125 0.435112
0.30875 0.435112
0.35625 0.435112
0.40375 0.435112
0.45125 0.435112
0.49875 0.435112
0.54625 0.435112
0.59375 0.435112
0.64125 0.435112
0.68875 0.435112
0.73625 0.435112
0.78375 0.435112
0.83125 0.435112
0.87875 0.435112
0.92625 0.435112
0.97375 0.435112
0.0475 0.476248
0.095 0.476248
0.1425 0.476248
0.19 0.476248
0.2375 0.476248
0.285 0.476248
0.3325 0.476248
0.38 0.476248
0.4275 0.476248
0.475 0.476248
0.5225 0.476248
0.57 0.476248
0.6175 0.476248
0.665 0.476248
0.7125 0.476248
0.76 0.476248
0.8075 0.476248
0.855 0.476248
0.9025 0.476248
0.95 0.476248
0.9975 0.476248
0.02375 0.517384
0.07125 0.517384
0.11875 0.517384
0.16625 0.517384
0.21375 0.517384
0.26125 0.517384
0.30875 0.517384
0.35625 0.517384
0.40375 0.517384
0.45125 0.517384
0.49875 0.517384
0.54625 0.517384
0.59375 0.517384
0.64125 0.517384
0.68875 0.517384
0.73625 0.517384
0.78375 0.517384
0.83125 0.517384
0.87875 0.517384
0.92625 0.517384
0.97375 0.517384
0.0475 0.558521
0.095 0.558521
0.1425 0.558521
0.19 0.558521
0.2375 0.558521
0.285 0.558521
0.3325 0.558521
0.38 0.558521
0.4275 0.558521
0.475 0.558521
0.5225 0.558521
0.57 0.558521
0.6175 0.558521
0.665 0.558521
0.7125 0.558521
0.76 0.558521
0.8075 0.558521
0.855 0.558521
0.9025 0.558521
0.95 0.558521
0.9975 0.558521
0.02375 0.599657
0.07125 0.599657
0.11875 0.599657
0.16625 0.599657
0.21375 0.599657
0.26125 0.599657
0.30875 0.599657
0.35625 0.599657
0.40375 0.599657
0.45125 0.599657
0.49875 0.599657
0.54625 0.599657
0.59375 0.599657
0.64125 0.599657
0.68875 0.599657
0.73625 0.599657
0.78375 0.599657
0.83125 0.599657
0.87875 0.599657
0.92625 0.599657
0.97375 0.599657
0.0475 0.640793
0.095 0.640793
0.1425 0.640793
0.19 0.640793
0.2375 0.640793
0.285 0.640793
0.3325 0.640793
0.38 0.640793
0.4275 0.640793
0.475 0.640793
0.5225 0.640793
0.57 0.640793
0.6175 0.640793
0.665 0.640793
0.7125 0.640793
0.76 0.640793
0.8075 0.640793
0.855 0.640793
0.9025 0.640793
0.95 0.640793
0.9975 0.640793
0.02375 0.681929
0.07125 0.681929
0.11875 0.681929
0.16625 0.681929
0.21375 0.681929
0.26125 0.681929
0.30875 0.681929
0.35625 0.681929
0.40375 0.681929
0.45125 0.681929
0.49875 0.681929
0.54625 0.681929
0.59375 0.681929
0.64125 0.681929
0.68875 0.681929
0.73625 0.681929
0.78375 0.681929
0.83125 0.681929
0.87875 0.681929
0.92625 0.681929
0.97375 0.681929
0.0475 0.723066
0.095 0.723066
0.1425 0.723066
0.19 0.723066
0.2375 0.723066
0.285 0.723066
0.3325 0.723066
0.38 0.723066
0.4275 0.723066
0.475 0.723066
0.5225 0.723066
0.57 0.723066
0.6175 0.723066
0.665 0.723066
0.7125 0.723066
0.76 0.723066
0.8075 0.723066
0.855 0.723066
0.9025 0.723066
0.95 0.723066
0.9975 0.723066
0.02375 0.764202
0.07125 0.764202
0.11875 0.764202
0.16625 0.764202
0.21375 0.764202
0.26125 0.764202
0.30875 0.764202
0.35625 0.764202
0.40375 0.764202
0.45125 0.764202
0.49875 0.764202
0.54625 0.764202
0.59375 0.764202
0.64125 0.764202
0.68875 0.764202
0.73625 0.764202
0.78375 0.764202
0.83125 0.764202
0.87875 0.764202
0.92625 0.764202
0.97375 0.764202
0.0475 0.805338
0.095 0.805338
0.1425 0.805338
0.19 0.805338
0.2375 0.805338
0.285 0.805338
0.3325 0.805338
0.38 0.805338
0.4275 0.805338
0.475 0.805338
0.5225 0.805338
0.57 0.805338
0.6175 0.805338
0.665 0.805338
0.7125 0.805338
0.76 0.805338
0.8075 0.805338
0.855 0.805338
0.9025 0.805338
0.95 0.805338
0.9975 0.805338
0.02375 0.846474
0.07125 0.846474
0.11875 0.846474
0.16625 0.846474
0.21375 0.846474
0.26125 0.846474
0.30875 0.846474
0.35625 0.846474
0.40375 0.846474
0.45125 0.846474
0.49875 0.846474
0.54625 0.846474
0.59375 0.846474
0.64125 0.846474
0.68875 0.846474
0.73625 0.846474
0.78375 0.846474
0.83125 0.846474
0.87875 0.846474
0.92625 0.846474
0.97375 0.846474
0.0475 0.88761
0.095 0.88761
0.1425 0.88761
0.19 0.88761
0.2375 0.88761
0.285 0.88761
0.3325 0.88761
0.38 0.88761
0.4275 0.88761
0.475 0.88761
0.5225 0.88761
0.57 0.88761
0.6175 0.88761
0.665 0.88761
0.7125 0.88761
0.76 0.88761
0.8075 0.88761
0.855 0.88761
0.9025 0.88761
0.95 0.88761
0.9975 0.88761
0.02375 0.928747
0.07125 0.928747
0.11875 0.928747
0.16625 0.928747
0.21375 0.928747
0.26125 0.928747
0.30875 0.928747
0.35625 0.928747
0.40375 0.928747
0.45125 0.928747
0.49875 0.928747
0.54625 0.928747
0.59375 0.928747
0.64125 0.928747
0.68875 0.928747
0.73625 0.928747
0.78375 0.928747
0.83125 0.928747
0.87875 0.928747
0.92625 0.928747
0.97375 0.928747
0.0475 0.969883
0.095 0.969883
0.1425 0.969883
0.19 0.969883
0.2375 0.969883
0.285 0.969883
0.3325 0.969883
0.38 0.969883
0.4275 0.969883
0.475 0.969883
0.5225 0.969883
0.57 0.969883
0.6175 0.969883
0.665 0.969883
0.7125 0.969883
0.76 0.969883
0.8075 0.969883
0.855 0.969883
0.9025 0.969883
0.95 0.969883
0.9975 0.969883
